{
 "cells": [
  {
   "cell_type": "markdown",
   "metadata": {},
   "source": [
    "# Examples of Use"
   ]
  },
  {
   "cell_type": "code",
   "execution_count": 2,
   "metadata": {},
   "outputs": [],
   "source": [
    "import glyP"
   ]
  },
  {
   "cell_type": "markdown",
   "metadata": {},
   "source": [
    "## Loading a list of conformers"
   ]
  },
  {
   "cell_type": "markdown",
   "metadata": {},
   "source": [
    "First thing to do is make a conformer space, this will be an object that holds a list of conformers. The parameter of conf space is the path that any generated ir plots will be saved to."
   ]
  },
  {
   "cell_type": "code",
   "execution_count": 3,
   "metadata": {},
   "outputs": [
    {
     "name": "stdout",
     "output_type": "stream",
     "text": [
      "space1_dir directory already exists, load existing data\n",
      "Loading space1_dir                    \n"
     ]
    }
   ],
   "source": [
    "space1 =  glyP.Space('space1_dir')"
   ]
  },
  {
   "cell_type": "markdown",
   "metadata": {},
   "source": [
    "Running this should make a new directory called space1_dir.\n",
    "Next we want to fill the space with conformers, we'll use the existing directory with data 'Tri_A154'"
   ]
  },
  {
   "cell_type": "code",
   "execution_count": 4,
   "metadata": {},
   "outputs": [
    {
     "name": "stdout",
     "output_type": "stream",
     "text": [
      "Loading Tri_A154                      \n"
     ]
    }
   ],
   "source": [
    "space1.load_dir('Tri_A154')"
   ]
  },
  {
   "cell_type": "code",
   "execution_count": 5,
   "metadata": {},
   "outputs": [
    {
     "name": "stdout",
     "output_type": "stream",
     "text": [
      "[[-1.545135  2.148028 -0.546319]\n",
      " [-2.328377  1.572381  0.474567]\n",
      " [-1.705724  1.826978  1.838963]\n",
      " [-1.478224  3.309982  2.060614]\n",
      " [-0.671363  3.903198  0.911391]\n",
      " [-1.333707  3.543885 -0.411907]\n",
      " [-0.591754  3.967823 -1.67809 ]\n",
      " [ 0.445258  3.080208 -2.024749]\n",
      " [ 0.673268  3.441183  0.991422]\n",
      " [-0.738162  3.544348  3.239076]\n",
      " [-2.523514  1.362703  2.876046]\n",
      " [-2.289536  0.204317  0.257243]\n",
      " [-3.475012 -0.508231 -0.075357]\n",
      " [-3.544189 -1.707712  0.846974]\n",
      " [-3.643348 -1.255321  2.183441]\n",
      " [-2.287451 -2.54333   0.670422]\n",
      " [-1.950569 -2.82434  -0.804619]\n",
      " [-2.088646 -1.672639 -1.628815]\n",
      " [-3.342673 -1.020296 -1.503141]\n",
      " [-3.375856  0.085202 -2.540707]\n",
      " [-4.571418  0.805646 -2.32682 ]\n",
      " [-0.652524 -3.302005 -0.980755]\n",
      " [ 0.401002 -2.515213 -0.457878]\n",
      " [ 1.189117 -3.330541  0.553092]\n",
      " [ 2.349393 -2.505796  1.076645]\n",
      " [ 3.201827 -1.967459 -0.059789]\n",
      " [ 2.401819 -1.300749 -1.015285]\n",
      " [ 1.335857 -2.054922 -1.58078 ]\n",
      " [ 0.66444  -1.130932 -2.57894 ]\n",
      " [ 0.166433  0.046227 -1.951779]\n",
      " [ 4.048862 -1.018146  0.489493]\n",
      " [ 5.157897 -0.648123 -0.335638]\n",
      " [ 5.838899  0.559634  0.278823]\n",
      " [ 4.941819  1.744054  0.646601]\n",
      " [ 4.299347  2.536909 -0.495496]\n",
      " [ 3.172783  1.868368 -1.268224]\n",
      " [ 2.066475  1.431517 -0.375863]\n",
      " [ 3.086184 -3.330904  1.942687]\n",
      " [ 0.345713 -3.697273  1.626109]\n",
      " [-2.454086 -3.74268   1.376393]\n",
      " [-3.360928  1.954142  0.433664]\n",
      " [-0.728564  1.317868  1.834144]\n",
      " [-2.455448  3.812216  2.110518]\n",
      " [-0.675528  4.997769  1.001534]\n",
      " [-2.304596  4.066953 -0.405276]\n",
      " [-0.144037  4.95359  -1.53267 ]\n",
      " [-1.318134  4.046257 -2.496518]\n",
      " [ 0.048177  2.224464 -2.230875]\n",
      " [ 0.90284   3.507675  1.929315]\n",
      " [-1.150661  3.048623  3.954141]\n",
      " [-2.78181   0.441048  2.705571]\n",
      " [-4.361138  0.122923  0.032762]\n",
      " [-4.428056 -2.305362  0.584327]\n",
      " [-3.590805 -2.029401  2.754778]\n",
      " [-1.481762 -1.953134  1.117461]\n",
      " [-2.602123 -3.625117 -1.174873]\n",
      " [-4.163736 -1.722162 -1.709809]\n",
      " [-2.497809  0.731625 -2.414225]\n",
      " [-3.337209 -0.369844 -3.53711 ]\n",
      " [-4.774847  1.325686 -3.105692]\n",
      " [ 0.016791 -1.614749  0.033951]\n",
      " [ 1.575621 -4.231965  0.054557]\n",
      " [ 1.934154 -1.638866  1.615611]\n",
      " [ 3.767518 -2.783317 -0.540458]\n",
      " [ 1.72281  -2.933296 -2.119282]\n",
      " [ 1.405105 -0.810334 -3.314779]\n",
      " [-0.140912 -1.662354 -3.089605]\n",
      " [-0.687581 -0.171351 -1.543644]\n",
      " [ 4.801612 -0.445416 -1.350296]\n",
      " [ 5.859126 -1.489911 -0.391513]\n",
      " [ 6.622729  0.88607  -0.414713]\n",
      " [ 6.353004  0.234126  1.189405]\n",
      " [ 5.559452  2.448308  1.212467]\n",
      " [ 4.18156   1.406509  1.362322]\n",
      " [ 5.067944  2.815897 -1.224843]\n",
      " [ 3.917112  3.481082 -0.089472]\n",
      " [ 2.730524  2.562698 -1.982567]\n",
      " [ 3.501345  0.980061 -1.805994]\n",
      " [ 1.575598  2.233667  0.06479 ]\n",
      " [ 2.432327  0.794943  0.332768]\n",
      " [ 1.357414  0.89611  -0.913479]\n",
      " [ 3.760227 -2.801804  2.378191]\n",
      " [ 0.897071 -4.117908  2.295162]\n",
      " [-1.563943 -4.07729   1.557034]]\n"
     ]
    }
   ],
   "source": [
    "print(space1[0].xyz)"
   ]
  },
  {
   "cell_type": "code",
   "execution_count": 5,
   "metadata": {},
   "outputs": [
    {
     "name": "stdout",
     "output_type": "stream",
     "text": [
      "[[1. 0. 0.]\n",
      " [0. 1. 0.]\n",
      " [0. 0. 1.]]\n",
      "[[ 0.99823577  0.0087274   0.05872979]\n",
      " [-0.01199334  0.99838727  0.05548898]\n",
      " [-0.0581508  -0.05609545  0.99673055]]\n",
      "[[ 0.98289961  0.1621726   0.08722613]\n",
      " [-0.16354594  0.98649658  0.0087878 ]\n",
      " [-0.08462314 -0.022903    0.99614978]]\n",
      "[[ 0.98982421 -0.0734855   0.12185203]\n",
      " [ 0.06913046  0.99682149  0.03959659]\n",
      " [-0.1243745  -0.03076997  0.99175813]]\n",
      "[[-0.90636921  0.36622696 -0.21064822]\n",
      " [ 0.36437639  0.92996272  0.04898159]\n",
      " [ 0.21383337 -0.03235983 -0.97633403]]\n",
      "[[ 0.99633544  0.04393418 -0.07338583]\n",
      " [-0.03279358  0.98864499  0.1466481 ]\n",
      " [ 0.0789954  -0.14370412  0.9864628 ]]\n",
      "[[ 0.99212162  0.12407736  0.01730599]\n",
      " [-0.12344665  0.99177883 -0.03369984]\n",
      " [-0.0213451   0.03129797  0.99928215]]\n",
      "[[-0.93301456  0.31395904 -0.17582251]\n",
      " [ 0.30073493  0.94864964  0.09809361]\n",
      " [ 0.19759134  0.03864679 -0.97952238]]\n",
      "[[ 0.99340244  0.0873828  -0.07426864]\n",
      " [-0.07364399  0.98252104  0.17096482]\n",
      " [ 0.08790988 -0.16436743  0.98247402]]\n",
      "[[-0.95949898 -0.27258381 -0.07113203]\n",
      " [ 0.26293522 -0.95716831  0.1212184 ]\n",
      " [-0.1011275   0.09760581  0.9900739 ]]\n",
      "[[ 0.9602513   0.27765199  0.02875442]\n",
      " [-0.27772595  0.96065922 -0.00146912]\n",
      " [-0.02803111 -0.00657513  0.99958543]]\n",
      "[[-0.85807969  0.50681599 -0.08268491]\n",
      " [ 0.49732063  0.86029309  0.11210706]\n",
      " [ 0.12795091  0.05507588 -0.99025008]]\n",
      "[[-0.99769345  0.06499316 -0.01958764]\n",
      " [ 0.06528146  0.99776217 -0.01445613]\n",
      " [ 0.01860426 -0.0157015  -0.99970363]]\n",
      "[[ 0.91434654  0.28625781  0.28640332]\n",
      " [-0.23504861  0.95113151 -0.20025234]\n",
      " [-0.32973102  0.11578133  0.93694831]]\n",
      "[[-0.93033957  0.30330566 -0.20609212]\n",
      " [ 0.28964683  0.95248224  0.09424595]\n",
      " [ 0.22488442  0.02798681 -0.97398344]]\n",
      "[[-0.8610615   0.47467008 -0.1823771 ]\n",
      " [ 0.4806211   0.87683273  0.01295084]\n",
      " [ 0.16606159 -0.07650282 -0.98314336]]\n",
      "[[ 0.97824049  0.20721967  0.01027394]\n",
      " [-0.20726432  0.97827879  0.00347894]\n",
      " [-0.00932987 -0.00553266  0.99994117]]\n",
      "[[-0.9440367   0.22279506 -0.24322225]\n",
      " [ 0.19123989  0.97051395  0.146731  ]\n",
      " [ 0.26874153  0.09200566 -0.95880809]]\n",
      "[[-0.71173471  0.69913076 -0.06819004]\n",
      " [ 0.69915347  0.71444185  0.02751841]\n",
      " [ 0.06795679 -0.0280895  -0.99729276]]\n",
      "[[-0.90645579  0.36600723 -0.21065756]\n",
      " [ 0.36414678  0.93005157  0.04900197]\n",
      " [ 0.21385747 -0.03229215 -0.97633099]]\n",
      "[[-0.93048319  0.23573365 -0.28041164]\n",
      " [ 0.20404123  0.96922482  0.13773314]\n",
      " [ 0.30425025  0.07094283 -0.94994679]]\n",
      "[[-0.91083371  0.35391628 -0.21242697]\n",
      " [ 0.35232163  0.9347167   0.04662795]\n",
      " [ 0.21506143 -0.03237231 -0.97606384]]\n",
      "[[-0.86910486  0.46870931 -0.15801367]\n",
      " [ 0.4697318   0.88218554  0.03317681]\n",
      " [ 0.15494766 -0.04538991 -0.98687942]]\n",
      "[[-0.96373011  0.20226997 -0.17410093]\n",
      " [ 0.23091028  0.95906026 -0.16396296]\n",
      " [ 0.1338085  -0.19821774 -0.97098147]]\n",
      "[[-0.87710802  0.45354311 -0.15805116]\n",
      " [ 0.45342227  0.89044472  0.03894155]\n",
      " [ 0.15839749 -0.03750798 -0.98666275]]\n",
      "[[-0.93447958  0.2177053  -0.28169542]\n",
      " [ 0.18699562  0.97345268  0.1319944 ]\n",
      " [ 0.30295304  0.07067026 -0.95038159]]\n",
      "[[-0.87907212  0.44393423 -0.17365083]\n",
      " [ 0.44090942  0.89568903  0.05779321]\n",
      " [ 0.18119353 -0.02575989 -0.98311003]]\n",
      "[[-0.8799963   0.44235619 -0.17299571]\n",
      " [ 0.43975302  0.89641867  0.05523443]\n",
      " [ 0.17950988 -0.0274693  -0.98337258]]\n",
      "[[-0.93732327  0.26148593 -0.23032628]\n",
      " [ 0.2473978   0.96485557  0.08858929]\n",
      " [ 0.24539645  0.02605459 -0.96907262]]\n",
      "[[-0.8653767   0.48485475 -0.12664535]\n",
      " [ 0.4804242   0.8745849   0.06552736]\n",
      " [ 0.14253336 -0.00413764 -0.98978135]]\n",
      "[[-0.89926394  0.39670837 -0.18424668]\n",
      " [ 0.38778463  0.91793652  0.08375927]\n",
      " [ 0.20235476  0.00387365 -0.97930462]]\n",
      "[[-0.88828726  0.4155493  -0.1956132 ]\n",
      " [ 0.40375968  0.90952943  0.09866275]\n",
      " [ 0.2189152   0.00866014 -0.97570546]]\n",
      "[[ 0.94856364 -0.31397314 -0.04059428]\n",
      " [-0.31654989 -0.93867372 -0.13670338]\n",
      " [ 0.0048164   0.14252197 -0.98977992]]\n",
      "[[-0.9369085   0.26198768 -0.23144096]\n",
      " [ 0.25000192  0.96491611  0.08022436]\n",
      " [ 0.2443389   0.0173022  -0.96953552]]\n",
      "[[-0.89840062  0.37435036 -0.22964785]\n",
      " [ 0.3526841   0.92657215  0.1306827 ]\n",
      " [ 0.26170642  0.03641227 -0.96446042]]\n",
      "[[ 0.9337884   0.20560314  0.2928593 ]\n",
      " [-0.13300848  0.95923907 -0.24933744]\n",
      " [-0.33218665  0.19387564  0.92307327]]\n",
      "[[-0.86707066  0.48290486 -0.12243923]\n",
      " [ 0.4793081   0.8756425   0.05927857]\n",
      " [ 0.1358389  -0.0072874  -0.99070414]]\n",
      "[[-0.90540213  0.38162816 -0.18602939]\n",
      " [ 0.37245776  0.92429505  0.08338988]\n",
      " [ 0.20376997  0.00621328 -0.97899908]]\n",
      "[[-0.97969762  0.082918   -0.18252996]\n",
      " [ 0.03537218  0.96766929  0.24972975]\n",
      " [ 0.19733573  0.23820316 -0.95095629]]\n"
     ]
    }
   ],
   "source": [
    "for i in space1:\n",
    "    print(glyP.rmsd.optimal_rotation_matrix(space1[0].xyz,i.xyz,False))"
   ]
  },
  {
   "cell_type": "markdown",
   "metadata": {},
   "source": [
    "## Generating IR plots"
   ]
  },
  {
   "cell_type": "markdown",
   "metadata": {},
   "source": [
    "Gaussian broadening must be applied when making IR plots"
   ]
  },
  {
   "cell_type": "code",
   "execution_count": 37,
   "metadata": {},
   "outputs": [],
   "source": [
    "space1.gaussian_broadening(broaden=5)"
   ]
  },
  {
   "cell_type": "markdown",
   "metadata": {},
   "source": [
    "IR plots for each conformer can be generated with a simple for loop. In the function plot_ir2 the parameter plot_exp is to indicate whether or not an experimental conformer should be printed superimposed over each conformer."
   ]
  },
  {
   "cell_type": "code",
   "execution_count": 15,
   "metadata": {},
   "outputs": [
    {
     "name": "stdout",
     "output_type": "stream",
     "text": [
      "/Users/shenny/Documents/glyPmaster/space1_dir/Tri_A154_0000.pngTri_A154_0000.png\n",
      "/Users/shenny/Documents/glyPmaster/space1_dir/Tri_A154_0001.pngTri_A154_0001.png\n",
      "/Users/shenny/Documents/glyPmaster/space1_dir/Tri_A154_0002.pngTri_A154_0002.png\n",
      "/Users/shenny/Documents/glyPmaster/space1_dir/Tri_A154_0003.pngTri_A154_0003.png\n",
      "/Users/shenny/Documents/glyPmaster/space1_dir/Tri_A154_0004.pngTri_A154_0004.png\n",
      "/Users/shenny/Documents/glyPmaster/space1_dir/Tri_A154_0006.pngTri_A154_0006.png\n",
      "/Users/shenny/Documents/glyPmaster/space1_dir/Tri_A154_0007.pngTri_A154_0007.png\n",
      "/Users/shenny/Documents/glyPmaster/space1_dir/Tri_A154_0008.pngTri_A154_0008.png\n",
      "/Users/shenny/Documents/glyPmaster/space1_dir/Tri_A154_0010.pngTri_A154_0010.png\n",
      "/Users/shenny/Documents/glyPmaster/space1_dir/Tri_A154_0014.pngTri_A154_0014.png\n",
      "/Users/shenny/Documents/glyPmaster/space1_dir/Tri_A154_0024.pngTri_A154_0024.png\n",
      "/Users/shenny/Documents/glyPmaster/space1_dir/Tri_A154_0034.pngTri_A154_0034.png\n",
      "/Users/shenny/Documents/glyPmaster/space1_dir/Tri_A154_0041.pngTri_A154_0041.png\n",
      "/Users/shenny/Documents/glyPmaster/space1_dir/Tri_A154_0046.pngTri_A154_0046.png\n",
      "/Users/shenny/Documents/glyPmaster/space1_dir/Tri_A154_0047.pngTri_A154_0047.png\n",
      "/Users/shenny/Documents/glyPmaster/space1_dir/Tri_A154_0051.pngTri_A154_0051.png\n",
      "/Users/shenny/Documents/glyPmaster/space1_dir/Tri_A154_0060.pngTri_A154_0060.png\n",
      "/Users/shenny/Documents/glyPmaster/space1_dir/Tri_A154_0132.pngTri_A154_0132.png\n",
      "/Users/shenny/Documents/glyPmaster/space1_dir/Tri_A154_0140.pngTri_A154_0140.png\n",
      "/Users/shenny/Documents/glyPmaster/space1_dir/Tri_A154_ga01.pngTri_A154_ga01.png\n"
     ]
    },
    {
     "name": "stderr",
     "output_type": "stream",
     "text": [
      "/Users/shenny/Documents/glyPmaster/glyP/conformer.py:618: RuntimeWarning: More than 20 figures have been opened. Figures created through the pyplot interface (`matplotlib.pyplot.figure`) are retained until explicitly closed and may consume too much memory. (To control this warning, see the rcParam `figure.max_open_warning`).\n",
      "  fig, ax = plt.subplots(1, figsize=(10,3))\n",
      "/Users/shenny/Documents/glyPmaster/glyP/conformer.py:618: RuntimeWarning: More than 20 figures have been opened. Figures created through the pyplot interface (`matplotlib.pyplot.figure`) are retained until explicitly closed and may consume too much memory. (To control this warning, see the rcParam `figure.max_open_warning`).\n",
      "  fig, ax = plt.subplots(1, figsize=(10,3))\n"
     ]
    },
    {
     "name": "stdout",
     "output_type": "stream",
     "text": [
      "/Users/shenny/Documents/glyPmaster/space1_dir/Tri_A154_ga02.pngTri_A154_ga02.png\n",
      "/Users/shenny/Documents/glyPmaster/space1_dir/Tri_A154_ga03.pngTri_A154_ga03.png\n"
     ]
    },
    {
     "name": "stderr",
     "output_type": "stream",
     "text": [
      "/Users/shenny/Documents/glyPmaster/glyP/conformer.py:618: RuntimeWarning: More than 20 figures have been opened. Figures created through the pyplot interface (`matplotlib.pyplot.figure`) are retained until explicitly closed and may consume too much memory. (To control this warning, see the rcParam `figure.max_open_warning`).\n",
      "  fig, ax = plt.subplots(1, figsize=(10,3))\n",
      "/Users/shenny/Documents/glyPmaster/glyP/conformer.py:618: RuntimeWarning: More than 20 figures have been opened. Figures created through the pyplot interface (`matplotlib.pyplot.figure`) are retained until explicitly closed and may consume too much memory. (To control this warning, see the rcParam `figure.max_open_warning`).\n",
      "  fig, ax = plt.subplots(1, figsize=(10,3))\n"
     ]
    },
    {
     "name": "stdout",
     "output_type": "stream",
     "text": [
      "/Users/shenny/Documents/glyPmaster/space1_dir/Tri_A154_ga04.pngTri_A154_ga04.png\n",
      "/Users/shenny/Documents/glyPmaster/space1_dir/Tri_A154_ga05.pngTri_A154_ga05.png\n"
     ]
    },
    {
     "name": "stderr",
     "output_type": "stream",
     "text": [
      "/Users/shenny/Documents/glyPmaster/glyP/conformer.py:618: RuntimeWarning: More than 20 figures have been opened. Figures created through the pyplot interface (`matplotlib.pyplot.figure`) are retained until explicitly closed and may consume too much memory. (To control this warning, see the rcParam `figure.max_open_warning`).\n",
      "  fig, ax = plt.subplots(1, figsize=(10,3))\n",
      "/Users/shenny/Documents/glyPmaster/glyP/conformer.py:618: RuntimeWarning: More than 20 figures have been opened. Figures created through the pyplot interface (`matplotlib.pyplot.figure`) are retained until explicitly closed and may consume too much memory. (To control this warning, see the rcParam `figure.max_open_warning`).\n",
      "  fig, ax = plt.subplots(1, figsize=(10,3))\n"
     ]
    },
    {
     "name": "stdout",
     "output_type": "stream",
     "text": [
      "/Users/shenny/Documents/glyPmaster/space1_dir/Tri_A154_ga06.pngTri_A154_ga06.png\n",
      "/Users/shenny/Documents/glyPmaster/space1_dir/Tri_A154_ga07.pngTri_A154_ga07.png\n"
     ]
    },
    {
     "name": "stderr",
     "output_type": "stream",
     "text": [
      "/Users/shenny/Documents/glyPmaster/glyP/conformer.py:618: RuntimeWarning: More than 20 figures have been opened. Figures created through the pyplot interface (`matplotlib.pyplot.figure`) are retained until explicitly closed and may consume too much memory. (To control this warning, see the rcParam `figure.max_open_warning`).\n",
      "  fig, ax = plt.subplots(1, figsize=(10,3))\n",
      "/Users/shenny/Documents/glyPmaster/glyP/conformer.py:618: RuntimeWarning: More than 20 figures have been opened. Figures created through the pyplot interface (`matplotlib.pyplot.figure`) are retained until explicitly closed and may consume too much memory. (To control this warning, see the rcParam `figure.max_open_warning`).\n",
      "  fig, ax = plt.subplots(1, figsize=(10,3))\n"
     ]
    },
    {
     "name": "stdout",
     "output_type": "stream",
     "text": [
      "/Users/shenny/Documents/glyPmaster/space1_dir/Tri_A154_ga08.pngTri_A154_ga08.png\n",
      "/Users/shenny/Documents/glyPmaster/space1_dir/Tri_A154_ga09.pngTri_A154_ga09.png\n"
     ]
    },
    {
     "name": "stderr",
     "output_type": "stream",
     "text": [
      "/Users/shenny/Documents/glyPmaster/glyP/conformer.py:618: RuntimeWarning: More than 20 figures have been opened. Figures created through the pyplot interface (`matplotlib.pyplot.figure`) are retained until explicitly closed and may consume too much memory. (To control this warning, see the rcParam `figure.max_open_warning`).\n",
      "  fig, ax = plt.subplots(1, figsize=(10,3))\n",
      "/Users/shenny/Documents/glyPmaster/glyP/conformer.py:618: RuntimeWarning: More than 20 figures have been opened. Figures created through the pyplot interface (`matplotlib.pyplot.figure`) are retained until explicitly closed and may consume too much memory. (To control this warning, see the rcParam `figure.max_open_warning`).\n",
      "  fig, ax = plt.subplots(1, figsize=(10,3))\n"
     ]
    },
    {
     "name": "stdout",
     "output_type": "stream",
     "text": [
      "/Users/shenny/Documents/glyPmaster/space1_dir/Tri_A154_ga10.pngTri_A154_ga10.png\n",
      "/Users/shenny/Documents/glyPmaster/space1_dir/Tri_A154_ga11.pngTri_A154_ga11.png\n"
     ]
    },
    {
     "name": "stderr",
     "output_type": "stream",
     "text": [
      "/Users/shenny/Documents/glyPmaster/glyP/conformer.py:618: RuntimeWarning: More than 20 figures have been opened. Figures created through the pyplot interface (`matplotlib.pyplot.figure`) are retained until explicitly closed and may consume too much memory. (To control this warning, see the rcParam `figure.max_open_warning`).\n",
      "  fig, ax = plt.subplots(1, figsize=(10,3))\n",
      "/Users/shenny/Documents/glyPmaster/glyP/conformer.py:618: RuntimeWarning: More than 20 figures have been opened. Figures created through the pyplot interface (`matplotlib.pyplot.figure`) are retained until explicitly closed and may consume too much memory. (To control this warning, see the rcParam `figure.max_open_warning`).\n",
      "  fig, ax = plt.subplots(1, figsize=(10,3))\n"
     ]
    },
    {
     "name": "stdout",
     "output_type": "stream",
     "text": [
      "/Users/shenny/Documents/glyPmaster/space1_dir/Tri_A154_ga12.pngTri_A154_ga12.png\n",
      "/Users/shenny/Documents/glyPmaster/space1_dir/Tri_A154_ga13.pngTri_A154_ga13.png\n",
      "/Users/shenny/Documents/glyPmaster/space1_dir/Tri_A154_ga14.pngTri_A154_ga14.png\n"
     ]
    },
    {
     "name": "stderr",
     "output_type": "stream",
     "text": [
      "/Users/shenny/Documents/glyPmaster/glyP/conformer.py:618: RuntimeWarning: More than 20 figures have been opened. Figures created through the pyplot interface (`matplotlib.pyplot.figure`) are retained until explicitly closed and may consume too much memory. (To control this warning, see the rcParam `figure.max_open_warning`).\n",
      "  fig, ax = plt.subplots(1, figsize=(10,3))\n",
      "/Users/shenny/Documents/glyPmaster/glyP/conformer.py:618: RuntimeWarning: More than 20 figures have been opened. Figures created through the pyplot interface (`matplotlib.pyplot.figure`) are retained until explicitly closed and may consume too much memory. (To control this warning, see the rcParam `figure.max_open_warning`).\n",
      "  fig, ax = plt.subplots(1, figsize=(10,3))\n"
     ]
    },
    {
     "name": "stdout",
     "output_type": "stream",
     "text": [
      "/Users/shenny/Documents/glyPmaster/space1_dir/Tri_A154_ga15.pngTri_A154_ga15.png\n",
      "/Users/shenny/Documents/glyPmaster/space1_dir/Tri_A154_ga16.pngTri_A154_ga16.png\n"
     ]
    },
    {
     "name": "stderr",
     "output_type": "stream",
     "text": [
      "/Users/shenny/Documents/glyPmaster/glyP/conformer.py:618: RuntimeWarning: More than 20 figures have been opened. Figures created through the pyplot interface (`matplotlib.pyplot.figure`) are retained until explicitly closed and may consume too much memory. (To control this warning, see the rcParam `figure.max_open_warning`).\n",
      "  fig, ax = plt.subplots(1, figsize=(10,3))\n",
      "/Users/shenny/Documents/glyPmaster/glyP/conformer.py:618: RuntimeWarning: More than 20 figures have been opened. Figures created through the pyplot interface (`matplotlib.pyplot.figure`) are retained until explicitly closed and may consume too much memory. (To control this warning, see the rcParam `figure.max_open_warning`).\n",
      "  fig, ax = plt.subplots(1, figsize=(10,3))\n"
     ]
    },
    {
     "name": "stdout",
     "output_type": "stream",
     "text": [
      "/Users/shenny/Documents/glyPmaster/space1_dir/Tri_A154_ga17.pngTri_A154_ga17.png\n",
      "/Users/shenny/Documents/glyPmaster/space1_dir/Tri_A154_ga18.pngTri_A154_ga18.png\n"
     ]
    },
    {
     "name": "stderr",
     "output_type": "stream",
     "text": [
      "/Users/shenny/Documents/glyPmaster/glyP/conformer.py:618: RuntimeWarning: More than 20 figures have been opened. Figures created through the pyplot interface (`matplotlib.pyplot.figure`) are retained until explicitly closed and may consume too much memory. (To control this warning, see the rcParam `figure.max_open_warning`).\n",
      "  fig, ax = plt.subplots(1, figsize=(10,3))\n",
      "/Users/shenny/Documents/glyPmaster/glyP/conformer.py:618: RuntimeWarning: More than 20 figures have been opened. Figures created through the pyplot interface (`matplotlib.pyplot.figure`) are retained until explicitly closed and may consume too much memory. (To control this warning, see the rcParam `figure.max_open_warning`).\n",
      "  fig, ax = plt.subplots(1, figsize=(10,3))\n"
     ]
    },
    {
     "name": "stdout",
     "output_type": "stream",
     "text": [
      "/Users/shenny/Documents/glyPmaster/space1_dir/Tri_A154_ga19.pngTri_A154_ga19.png\n",
      "/Users/shenny/Documents/glyPmaster/space1_dir/Tri_A154_ga20.pngTri_A154_ga20.png\n"
     ]
    },
    {
     "name": "stderr",
     "output_type": "stream",
     "text": [
      "/Users/shenny/Documents/glyPmaster/glyP/conformer.py:618: RuntimeWarning: More than 20 figures have been opened. Figures created through the pyplot interface (`matplotlib.pyplot.figure`) are retained until explicitly closed and may consume too much memory. (To control this warning, see the rcParam `figure.max_open_warning`).\n",
      "  fig, ax = plt.subplots(1, figsize=(10,3))\n"
     ]
    },
    {
     "data": {
